Run   obj.function   lambda        
1     -9.2910890000000002E-01  1.000000E+00  
2     -9.2889449999999996E-01  0.000000E+00  
3     -9.2977969999999999E-01  2.000000E+00  
4     -9.3024819999999997E-01  3.000000E+00  
5     -9.3024819999999997E-01  3.000000E+00  
6     -9.3009310000000001E-01  2.618034E+00  
7     -9.3019240000000003E-01  2.854102E+00  
8     -9.3022740000000004E-01  2.944272E+00  
9     -9.3024030000000002E-01  2.978714E+00  
10    -9.3024519999999999E-01  2.991869E+00  
11    -9.3024700000000005E-01  2.996894E+00  
12    -9.3024770000000001E-01  2.998814E+00  
13    -9.3024799999999996E-01  2.999547E+00  
14    -9.3024810000000002E-01  2.999827E+00  
15    -9.3024819999999997E-01  2.999934E+00  
16    -9.2910890000000002E-01  1.000000E+00  
17    -9.3024819999999997E-01  3.000000E+00  
18    -9.2977969999999999E-01  2.000000E+00  
19    -9.3024819999999997E-01  3.000000E+00  
20    -9.3009310000000001E-01  2.618034E+00  
21    -9.3019240000000003E-01  2.854102E+00  
22    -9.3022740000000004E-01  2.944272E+00  
23    -9.3024030000000002E-01  2.978714E+00  
24    -9.3024519999999999E-01  2.991869E+00  
25    -9.3024700000000005E-01  2.996894E+00  
26    -9.3024770000000001E-01  2.998814E+00  
27    -9.3024799999999996E-01  2.999547E+00  
28    -9.3024810000000002E-01  2.999827E+00  
29    -9.3024819999999997E-01  2.999934E+00  
30    -9.3024819999999997E-01  3.000000E+00  
31    -9.3024819999999997E-01  3.000000E+00  
32    -9.2977969999999999E-01  2.000000E+00  
33    -9.3024819999999997E-01  3.000000E+00  
34    -9.3009310000000001E-01  2.618034E+00  
35    -9.3019240000000003E-01  2.854102E+00  
36    -9.3022740000000004E-01  2.944272E+00  
37    -9.3024030000000002E-01  2.978714E+00  
38    -9.3024519999999999E-01  2.991869E+00  
39    -9.3024700000000005E-01  2.996894E+00  
40    -9.3024770000000001E-01  2.998814E+00  
41    -9.3024799999999996E-01  2.999547E+00  
42    -9.3024810000000002E-01  2.999827E+00  
43    -9.3024819999999997E-01  2.999934E+00  
44    -9.3024819999999997E-01  3.000000E+00  
45    -9.3024819999999997E-01  3.000000E+00  
46    -9.3024819999999997E-01  3.000000E+00  
47    -9.3024819999999997E-01  3.000000E+00  
48    -9.3024819999999997E-01  3.000000E+00  
49    -9.3024819999999997E-01  3.000000E+00  
50    -9.3024819999999997E-01  3.000000E+00  
51    -9.3024819999999997E-01  3.000000E+00  
52    -9.3024819999999997E-01  3.000000E+00  
53    -9.3024819999999997E-01  3.000000E+00  
54    -9.3024819999999997E-01  3.000000E+00  
55    -9.3024819999999997E-01  3.000000E+00  
56    -9.3024819999999997E-01  3.000000E+00  
57    -9.3024819999999997E-01  3.000000E+00  
58    -9.3024819999999997E-01  3.000000E+00  
59    -9.3024819999999997E-01  3.000000E+00  
60    -9.3024819999999997E-01  3.000000E+00  
61    -9.3024819999999997E-01  3.000000E+00  
62    -9.3024819999999997E-01  3.000000E+00  
63    -9.3024819999999997E-01  3.000000E+00  
64    -9.3024819999999997E-01  3.000000E+00  
65    -9.3024819999999997E-01  3.000000E+00  
66    -9.3024819999999997E-01  3.000000E+00  
67    -9.3024819999999997E-01  3.000000E+00  
68    -9.3024819999999997E-01  3.000000E+00  
69    -9.3024819999999997E-01  3.000000E+00  
70    -9.3024819999999997E-01  3.000000E+00  
71    -9.3024819999999997E-01  3.000000E+00  
72    -9.3024819999999997E-01  3.000000E+00  
73    -9.3024819999999997E-01  3.000000E+00  
74    -9.3024819999999997E-01  3.000000E+00  
75    -9.3024819999999997E-01  3.000000E+00  
76    -9.3024819999999997E-01  3.000000E+00  
77    -9.3024819999999997E-01  3.000000E+00  
78    -9.3024819999999997E-01  3.000000E+00  
79    -9.3024819999999997E-01  3.000000E+00  
80    -9.3024819999999997E-01  3.000000E+00  
81    -9.3024819999999997E-01  3.000000E+00  
82    -9.3024819999999997E-01  3.000000E+00  
83    -9.3024819999999997E-01  3.000000E+00  
84    -9.2977969999999999E-01  2.000000E+00  
85    -9.3024819999999997E-01  3.000000E+00  
86    -9.3009310000000001E-01  2.618034E+00  
87    -9.3019240000000003E-01  2.854102E+00  
88    -9.3022740000000004E-01  2.944272E+00  
89    -9.3024030000000002E-01  2.978714E+00  
90    -9.3024519999999999E-01  2.991869E+00  
91    -9.3024700000000005E-01  2.996894E+00  
92    -9.3024770000000001E-01  2.998814E+00  
93    -9.3024799999999996E-01  2.999547E+00  
94    -9.3024810000000002E-01  2.999827E+00  
95    -9.3024819999999997E-01  2.999934E+00  
96    -9.3024819999999997E-01  3.000000E+00  
97    -9.3024819999999997E-01  3.000000E+00  
98    -9.3024819999999997E-01  3.000000E+00  
99    -9.3024819999999997E-01  3.000000E+00  
100   -9.3024819999999997E-01  3.000000E+00  
101   -9.3024819999999997E-01  3.000000E+00  
102   -9.3024819999999997E-01  3.000000E+00  
103   -9.3024819999999997E-01  3.000000E+00  
104   -9.3024819999999997E-01  3.000000E+00  
105   -9.3024819999999997E-01  3.000000E+00  
106   -9.3024819999999997E-01  3.000000E+00  
107   -9.3024819999999997E-01  3.000000E+00  
108   -9.3024819999999997E-01  3.000000E+00  
109   -9.3024819999999997E-01  3.000000E+00  
110   -9.3024819999999997E-01  3.000000E+00  
111   -9.3024819999999997E-01  3.000000E+00  
112   -9.3024819999999997E-01  3.000000E+00  
113   -9.3024819999999997E-01  3.000000E+00  
114   -9.3024819999999997E-01  3.000000E+00  
115   -9.3024819999999997E-01  3.000000E+00  
116   -9.3024819999999997E-01  3.000000E+00  
117   -9.3024819999999997E-01  3.000000E+00  
118   -9.3024819999999997E-01  3.000000E+00  
119   -9.3024819999999997E-01  3.000000E+00  
120   -9.3024819999999997E-01  3.000000E+00  
121   -9.3024819999999997E-01  3.000000E+00  
122   -9.3024819999999997E-01  3.000000E+00  
123   -9.3024819999999997E-01  3.000000E+00  
124   -9.3024819999999997E-01  3.000000E+00  
125   -9.3024819999999997E-01  3.000000E+00  
126   -9.3024819999999997E-01  3.000000E+00  
127   -9.3024819999999997E-01  3.000000E+00  
128   -9.3024819999999997E-01  3.000000E+00  
129   -9.3024819999999997E-01  3.000000E+00  
130   -9.3024819999999997E-01  3.000000E+00  
131   -9.3024819999999997E-01  3.000000E+00  
132   -9.3024819999999997E-01  3.000000E+00  
133   -9.3024819999999997E-01  3.000000E+00  
134   -9.3024819999999997E-01  3.000000E+00  
135   -9.3024819999999997E-01  3.000000E+00  
136   -9.2977969999999999E-01  2.000000E+00  
137   -9.3024819999999997E-01  3.000000E+00  
138   -9.3009310000000001E-01  2.618034E+00  
139   -9.3019240000000003E-01  2.854102E+00  
140   -9.3022740000000004E-01  2.944272E+00  
141   -9.3024030000000002E-01  2.978714E+00  
142   -9.3024519999999999E-01  2.991869E+00  
143   -9.3024700000000005E-01  2.996894E+00  
144   -9.3024770000000001E-01  2.998814E+00  
145   -9.3024799999999996E-01  2.999547E+00  
146   -9.3024810000000002E-01  2.999827E+00  
147   -9.3024819999999997E-01  2.999934E+00  
148   -9.3024819999999997E-01  3.000000E+00  
149   -9.3024819999999997E-01  3.000000E+00  
150   -9.3024819999999997E-01  3.000000E+00  
151   -9.3024819999999997E-01  3.000000E+00  
152   -9.3024819999999997E-01  3.000000E+00  
153   -9.3024819999999997E-01  3.000000E+00  
154   -9.3024819999999997E-01  3.000000E+00  
155   -9.3024819999999997E-01  3.000000E+00  
156   -9.3024819999999997E-01  3.000000E+00  
157   -9.3024819999999997E-01  3.000000E+00  
158   -9.3024819999999997E-01  3.000000E+00  
159   -9.3024819999999997E-01  3.000000E+00  
160   -9.3024819999999997E-01  3.000000E+00  
161   -9.3024819999999997E-01  3.000000E+00  
162   -9.3024819999999997E-01  3.000000E+00  
163   -9.3024819999999997E-01  3.000000E+00  
164   -9.3024819999999997E-01  3.000000E+00  
165   -9.3024819999999997E-01  3.000000E+00  
166   -9.3024819999999997E-01  3.000000E+00  
167   -9.3024819999999997E-01  3.000000E+00  
168   -9.3024819999999997E-01  3.000000E+00  
169   -9.3024819999999997E-01  3.000000E+00  
170   -9.3024819999999997E-01  3.000000E+00  
171   -9.3024819999999997E-01  3.000000E+00  
172   -9.3024819999999997E-01  3.000000E+00  
173   -9.3024819999999997E-01  3.000000E+00  
174   -9.3024819999999997E-01  3.000000E+00  
175   -9.3024819999999997E-01  3.000000E+00  
176   -9.3024819999999997E-01  3.000000E+00  
177   -9.3024819999999997E-01  3.000000E+00  
178   -9.3024819999999997E-01  3.000000E+00  
179   -9.3024819999999997E-01  3.000000E+00  
180   -9.3024819999999997E-01  3.000000E+00  
181   -9.3024819999999997E-01  3.000000E+00  
182   -9.3024819999999997E-01  3.000000E+00  
183   -9.3024819999999997E-01  3.000000E+00  
184   -9.3024819999999997E-01  3.000000E+00  
185   -9.3024819999999997E-01  3.000000E+00  
186   -9.3024819999999997E-01  3.000000E+00  
187   -9.3024819999999997E-01  3.000000E+00  
