-66.4598  -33.4648
11.3175 47.11667
133.249 -22.283
145.42715 -16.23819
140.58913 -34.00206
145.44685 -16.10328
150.72247 -33.613297
131.3181  -14.0633
131.388 -14.159283
132.3706  -15.2588
148.4746  -23.8587
115.65  -31.375
120.6541  -30.1913
131.15  -12.4952
130.7945  -13.17904
142.8168  -38.53234
145.5759  -36.6499
145.6301  -17.1175
152.8778  -27.3881
133.3502  -17.1507
133.64  -22.287
148.1517  -35.6566
145.0294  -36.6732
146.6545  -43.09502
146.2907  -34.9893
4.52056 51.309166
4.74613 50.55159
5.99805 50.30507
-54.971436  -3.0180292
23.56033  -19.9165
-98.4839  55.8792
-98.5247  55.9058
-98.3806  55.9144
-98.485 55.8631
-98.9644  55.9167
-99.9483  56.6358
-74.03653 49.26708
-74.3421  49.6925
-105.8176 54.485
-105.8775 54.2539
-106.0053 54.0916
8.41044 47.21022
9.85592 46.815334
8.53778 47.115833
7.73194 47.28583
128.0958  42.4025
123.5092  44.5934
91.0664 30.4978
112.5361  23.1733
116.2836  42.0467
101.18  37.37
115.0581  26.7414
14.77035  49.02465
11.86694  50.14194
10.9143 51.1001
13.51253  50.94947
10.453  51.079166
13.52238  50.89306
10.65547  51.27531
13.72129  50.78666
6.44965 50.870625
11.3275 47.80639
13.56694  50.96361
11.45753  50.4535
9.58722 56.4842
12.0833 55.6833
12.09722  55.53028
11.64464  55.48587
-20.5503  74.47328
-0.31881  39.34597
-0.31528  39.27556
-2.96583  37.097935
-5.77336  39.9415
1.4485  42.15218
24.295  61.8475
27.29503  69.14069
24.20918  67.9972
26.63783  67.36186
2.78014 48.4764
1.95191 48.84422
7.06556 48.67416
-0.7693 44.71711
2.73583 45.64306
2.73703 45.63919
3.59583 43.74139
-52.92486 5.278772
19.6013 46.6911
114.03639 -2.345
-6.91814  52.85879
-8.75181  51.98669
13.60516  41.9041
14.95744  40.5238
12.02656  42.38041
12.02604  42.37722
12.0222 42.38
13.58814  41.84936
12.37611  41.70525
8.63358 45.81264
11.28132  45.9562
7.58259 45.15258
11.70334  46.11402
11.04583  46.01468
8.15117 40.60618
11.09109  44.69019
9.06104 45.20087
11.43369  46.58686
11.93001  42.40812
11.92093  42.39026
10.29095  43.73203
10.28444  43.72786
137.0788  35.2617
4.927 51.971
5.0713  52.24035
5.74356 52.16658
16.3094 52.7622
-8.6018 38.6394
-8.00006  38.54064
-8.02455  38.4765
161.34143 68.61304
32.92208  56.46153
89.3508 60.8008
30.4783 13.2829
19.55669  64.18197
-3.79806  56.60722
-0.8583 51.15353
-1.26667  51.45
-99.42  36.4267
-99.5975  36.6358
-97.4888  36.6058
-110.5092 31.5907
-71.28808 44.06464
-96.83617 44.34529
-120.63275  38.8953
-88.2904  40.0062
-109.39 38.09
-105.1019 48.3077
-106.2399 41.3665
-89.8735  34.2547
-72.1715  42.5378
-68.7402  45.2041
-80.67153 28.608578
-89.9792  46.0827
-121.5574 44.4523
-121.6224 44.4992
-121.6078 44.3233
-86.4131  39.3232
-92.20001 38.74411
-121.7651 38.0498
-96.4766  41.1651
-96.4701  41.1649
-96.4397  41.1797
-105.5464 40.0329
-90.2723  45.9459
-147.4876 65.1237
-82.21877 29.73807
-82.24482 29.7648
-82.16328 29.75477
-110.8277 31.7894
-110.866  31.8214
-89.3477  46.242
-120.966  38.4316
-121.6414 38.103
-121.6531 38.1087
-84.7138  45.5598
-120.95073  38.4133
-90.0799  45.8059
-110.0522 31.7438
-109.9419 31.7365
31.4969 -25.0197
23.25278  -15.437778
