  -5.00545174142095     
 (256.796100000000,67.4011500000000)
           0           2           0           0
 strings
 circles
           1         100
 (33887.3217263609,0.000000000000000E+000)
 (-67.9056420856347,-5.18835792595290)
 (-1.23007256878750,-2.25976635685823)
 (-0.103919031011906,-0.817176298829194)
 (6.381161300271515E-002,-0.257380453266963)
 (4.920684649911779E-002,-7.040717908196448E-002)
 (2.318756085694747E-002,-1.574156542086713E-002)
 (8.966530588588156E-003,-2.141208366804208E-003)
 (3.035676260305817E-003,3.829091431301405E-004)
 (9.078877373124737E-004,4.769152452096302E-004)
 (2.316123994190170E-004,2.588111545085116E-004)
 (4.335920814585834E-005,1.107092803983846E-004)
 (6.688766900486493E-007,4.114164914209775E-005)
 (-4.824394819304138E-006,1.356026468447122E-005)
 (-3.282765741253477E-006,3.885221619720755E-006)
 (-1.586275371071045E-006,8.817483655598898E-007)
 (-6.466324672307808E-007,9.302196169364952E-008)
 (-2.310925943703615E-007,-5.272568150816692E-008)
 (-7.175704637197920E-008,-4.849522810202323E-008)
 (-1.807686584776924E-008,-2.621016493074093E-008)
 (-2.664766792254901E-009,-1.146170716878839E-008)
 (6.505597579933220E-010,-4.319772704001129E-009)
 (8.212501798449524E-010,-1.405048997695692E-009)
 (4.823792158521031E-010,-3.740823574315028E-010)
 (2.190238756502757E-010,-6.127481344894090E-011)
 (8.613577653073574E-011,1.023217768654279E-011)
 (2.844043155180475E-011,1.514564257225052E-011)
 (1.062281010309175E-011,8.871607637066121E-012)
 (-1.628963750642963E-012,9.312729957794885E-012)
 (-5.001157877177907E-012,4.611854142317884E-012)
 (-3.143660876036909E-012,1.667495519622283E-012)
 (-2.135191474129887E-012,-1.041686444130574E-012)
 (-1.708684651979487E-012,-2.404913856985125E-013)
 (-9.911965399507753E-013,-1.155953069379591E-012)
 (-1.858825682829939E-012,-2.458061124542807E-012)
 (0.000000000000000E+000,-2.365053406316863E-013)
 (-1.239660015782940E-012,-4.610525460628941E-013)
 (3.773455996595445E-013,-1.327353007253116E-012)
 (-9.154616836810779E-013,5.713331262450850E-014)
 (-8.835733231464686E-013,-1.421689407168002E-013)
 (-3.932897799268492E-013,1.900014815187143E-013)
 (-8.583283710565695E-013,3.133031422525373E-012)
 (-1.966448899634246E-012,-5.367874023325915E-013)
 (2.912470262160991E-012,-2.003651986924623E-012)
 (-1.761831919537169E-012,7.732927429642778E-013)
 (-1.058959306086820E-012,-6.457393008258402E-013)
 (2.662678104639884E-012,4.291641855282848E-013)
 (-2.293304595113992E-012,-3.675133551613732E-012)
 (-1.472179311347800E-012,1.538613395794903E-012)
 (-7.573485626969731E-013,-3.309746087154667E-012)
 (-3.773455996595445E-013,-6.351098473143037E-013)
 (-2.262744916268325E-012,-1.563858347884802E-012)
 (1.193156156669968E-012,1.242317379160824E-012)
 (-8.888880499022368E-013,-1.081546894798835E-012)
 (1.649558316821565E-012,3.587440560143557E-014)
 (-5.785744414498192E-012,-2.132534110752003E-012)
 (1.888056679986664E-012,-1.126722072222865E-012)
 (4.564685942360441E-012,-8.503562809229172E-013)
 (-2.596244020192781E-012,3.584783196765673E-012)
 (1.754524170247988E-012,2.686594375040842E-012)
 (-1.000497311773370E-012,1.955819446122709E-012)
 (-2.325192955648602E-012,-1.761831919537169E-012)
 (-9.400422949265061E-013,1.969106263012130E-012)
 (9.466857033712164E-013,-2.471347941432228E-013)
 (-7.899012640760535E-013,-1.429661497301654E-012)
 (-6.450749599813692E-013,3.295130588576304E-012)
 (-6.244803938027673E-013,3.133031422525373E-012)
 (-2.809497431267982E-012,1.440290950813191E-012)
 (-1.961134172878478E-012,-6.430819374479561E-013)
 (-4.816471122414961E-013,1.527983942283367E-012)
 (-7.312731845514852E-013,6.032214867796944E-013)
 (-6.304262443607830E-012,-6.563687543373767E-013)
 (-1.129047265178514E-012,-3.271214318175347E-012)
 (-1.938131371138668E-012,-1.525326578905483E-012)
 (-1.171855728344116E-012,-2.838064087580236E-012)
 (9.809542725876571E-012,-3.002820617009051E-012)
 (6.473171103314589E-013,-7.121733852729431E-013)
 (-5.505558663342535E-012,4.783254080191409E-014)
 (-2.145156586796953E-012,-3.930240435890608E-012)
 (1.237168737616174E-012,2.816805180557163E-012)
 (-3.364222036401291E-012,3.560866926364716E-013)
 (-6.889214557164571E-013,3.135688785903257E-012)
 (-3.331337164599975E-012,2.989533800119630E-012)
 (-2.738412960909582E-012,1.581131209841049E-012)
 (-4.262410858126122E-012,-1.527983942283367E-012)
 (-4.353425553818653E-012,-2.577642476547592E-012)
 (4.011954359760544E-012,-7.217398934333260E-012)
 (-3.227367822440259E-012,-6.914459509254470E-012)
 (2.147149609330366E-012,-4.437796841066474E-013)
 (7.593415852303862E-013,-1.162596477824301E-011)
 (1.474836674725685E-012,1.018035910067405E-011)
 (3.271214318175347E-012,1.419032043790118E-012)
 (-4.928744725130565E-012,5.240320581187477E-012)
 (1.902007837720556E-012,-7.653206528306255E-013)
 (5.935885445348645E-012,-4.358075939729950E-012)
 (4.092339601941539E-013,5.373188750081683E-012)
 (-4.703533178854885E-013,1.763160601226111E-012)
 (1.665502497088870E-012,-1.631621114020847E-012)
 (-2.600230065259608E-012,4.464370474845315E-013)
 (-3.008135343764819E-012,6.788234748804975E-012)
 (-9.513360892825137E-013,-1.573159119707397E-012)
           2         100
 (8701.47934156177,0.000000000000000E+000)
 (-67.7927855907516,-3.85531547496280)
 (1.24327046385911,2.26159544678445)
 (-0.134077482523811,-1.08938740773992)
 (-0.118842428473663,0.452144013110080)
 (0.118435476278269,-0.160470236529175)
 (-7.235456409939303E-002,4.505276062086738E-002)
 (3.590815170859619E-002,-6.518348627303760E-003)
 (-1.535490690014607E-002,-3.065631486366514E-003)
 (5.657283984992683E-003,3.650114150258200E-003)
 (-1.691928237739808E-003,-2.357319365617076E-003)
 (3.075926404892619E-004,1.215339505995726E-003)
 (6.834306134011486E-005,-5.387426988580677E-004)
 (-1.130380325029782E-004,2.070400926005796E-004)
 (7.872947206420484E-005,-6.603292848767343E-005)
 (-4.254219754580629E-005,1.434006495257937E-005)
 (1.965197649531940E-005,9.330857844478248E-007)
 (-7.897483855558246E-006,-3.525658553571701E-006)
 (2.678214470897817E-006,2.715444254549594E-006)
 (-6.663229370720707E-007,-1.550124190956882E-006)
 (2.487791732589251E-008,7.483857321665496E-007)
 (1.111220534775686E-007,-3.142936431104355E-007)
 (-9.741605040981082E-008,1.125707625084087E-007)
 (5.904255576882561E-008,-3.099404922714152E-008)
 (-2.977987267023092E-008,3.251678717343806E-009)
 (1.301963496981298E-008,3.556440077189216E-009)
 (-4.880103912850451E-009,-3.654361741463146E-009)
 (1.448020180863628E-009,2.351971006100839E-009)
 (-2.183528262404488E-010,-1.231424552878169E-009)
 (-1.196792304903738E-010,5.605442247339454E-010)
 (1.416235179458597E-010,-2.162302599393318E-010)
 (-9.914292210766870E-011,6.686336174517432E-011)
 (5.192465331776893E-011,-1.233874133673610E-011)
 (-2.528407437436204E-011,-4.732626431734605E-012)
 (8.566972308074927E-012,4.173472018601534E-012)
 (-3.210596007538447E-012,-4.368267689602766E-012)
 (-2.523259987062596E-013,2.025673117613852E-012)
 (4.309728057902914E-013,-2.076138317355104E-012)
 (-9.235131552649103E-013,4.905217414849687E-013)
 (-4.289541978006414E-013,-2.412236547631842E-013)
 (-3.189400623647121E-013,1.645165511564813E-013)
 (-5.319032052727953E-013,2.227533916578860E-012)
 (-1.438258192625680E-012,-3.734424780852642E-013)
 (2.063017365422379E-012,-1.414034896749879E-012)
 (-1.274750945464024E-012,5.561265011485962E-013)
 (-7.256895722792027E-013,-4.440937577230169E-013)
 (1.918686894162398E-012,3.118749344009369E-013)
 (-1.620942215689012E-012,-2.621162474560625E-012)
 (-1.038573810674965E-012,1.061787802555940E-012)
 (-4.784100935470683E-013,-2.334520140030314E-012)
 (-2.361771347890590E-013,-3.996843819507153E-013)
 (-1.602270091784749E-012,-1.111243698302367E-012)
 (8.240967117746439E-013,8.871782114512088E-013)
 (-6.540289886466249E-013,-7.600059081032540E-013)
 (1.238920653647735E-012,2.826051185510108E-014)
 (-4.104334694956019E-012,-1.511937384247908E-012)
 (1.296955633350174E-012,-7.872571159635300E-013)
 (3.253491427318511E-012,-6.257684767915239E-013)
 (-1.798579718778218E-012,2.540418154974622E-012)
 (1.269199773492486E-012,1.893454294291772E-012)
 (-6.984383644189266E-013,1.385774384894778E-012)
 (-1.702695839269840E-012,-1.266676513505423E-012)
 (-7.544547361317162E-013,1.396876728837853E-012)
 (6.898592804629138E-013,-1.635072471616562E-013)
 (-5.823684050140472E-013,-1.032517986706014E-012)
 (-4.334960657773540E-013,2.341585267994089E-012)
 (-3.976657739610651E-013,2.221478092609909E-012)
 (-1.991104455791095E-012,9.810434829699373E-013)
 (-1.377447626937471E-012,-4.511588856867922E-013)
 (-3.224726263465998E-013,1.082983186447266E-012)
 (-4.688217055962303E-013,4.521681896816172E-013)
 (-4.465539362104029E-012,-4.481309737023171E-013)
 (-7.806966399971673E-013,-2.305250324180388E-012)
 (-1.340166460628621E-012,-1.051694762607690E-012)
 (-8.382269677021944E-013,-2.048887109494828E-012)
 (6.884360041264613E-012,-2.135687253049782E-012)
 (5.238287733141950E-013,-5.369497252469205E-013)
 (-3.861218595202537E-012,4.037215979300154E-014)
 (-1.471060572457494E-012,-2.809902321592907E-012)
 (8.956311324078685E-013,1.992366085784626E-012)
 (-2.340071312001852E-012,2.442515667476593E-013)
 (-5.012455964299847E-013,2.207347836682359E-012)
 (-2.301717760198500E-012,2.103389525215380E-012)
 (-1.896734532274954E-012,1.110234394307542E-012)
 (-2.952971162859356E-012,-1.077936666473141E-012)
 (-3.118749344009369E-012,-1.805644846741994E-012)
 (2.895440835154329E-012,-5.061659534047568E-012)
 (-2.361771347890590E-012,-4.872919687015286E-012)
 (1.518497860214270E-012,-1.947956710012324E-013)
 (4.895124374901437E-013,-8.283357885529090E-012)
 (1.016873774786226E-012,7.244784074854126E-012)
 (2.376406255815553E-012,8.881875154460339E-013)
 (-3.470996438203307E-012,3.755620164743968E-012)
 (1.339346401132826E-012,-5.561265011485962E-013)
 (4.238067474270337E-012,-3.120767951999019E-012)
 (2.725120786027604E-013,3.798010932526619E-012)
 (-3.118749344009369E-013,1.256583473557173E-012)
 (1.157167030066907E-012,-1.162718202038444E-012)
 (-1.824821622643669E-012,3.159121503802371E-013)
 (-2.108436045189505E-012,4.797221887403408E-012)
 (-6.812801965069010E-013,-1.117299522271318E-012)
 ellipses
 areasinks
