 199801010900
           1
  0.1917955      2.0956997E-04  0.0000000E+00  0.0000000E+00  0.0000000E+00
   273.1600       273.8459       276.8848       279.9122      9.9999903E-05
  0.2935854      0.2919180      0.3094873      5.1872723E-02  0.2935854    
  0.2919180      0.3094873       265.4015       284.6135      3.4980301E-02
  3.5476603E-04  3.8764232E-05   265.5880       265.1075      1.9100185E-03
  0.0000000E+00           0  0.0000000E+00  0.0000000E+00  0.0000000E+00
 -0.1000000     -0.4000000      -1.000000      -2.000000      0.0000000E+00
  0.0000000E+00  0.0000000E+00  0.0000000E+00  0.0000000E+00  0.0000000E+00
  0.0000000E+00  0.0000000E+00   2.450060       4909.988       4909.988    
  0.0000000E+00   8.990442       499.9818       30.00333       499.9991    
   1000.000       1000.031      0.7192354      9.0009995E-02  7.6257009E-03
  4.6135496E-02  1.4750491E-03  0.0000000E+00  0.0000000E+00  0.0000000E+00
  0.0000000E+00  0.0000000E+00  0.0000000E+00  0.0000000E+00  0.0000000E+00
  0.0000000E+00  0.0000000E+00   265.1075      0.0000000E+00
