 199801010900
           1
  0.1900000      2.0956997E-04  0.0000000E+00  0.0000000E+00  0.0000000E+00
   273.1600       273.9358       276.8903       279.9132      0.2479015    
  0.2939091      0.2715178      0.3070427      0.2975227      0.2939091    
  0.2715178      0.3070427       264.4084       283.8255      3.4980301E-02
  3.4998625E-04  4.3544027E-05   264.6544       264.5447      1.8307840E-03
  0.0000000E+00           0  0.0000000E+00  0.0000000E+00  0.0000000E+00
 -0.1000000     -0.4000000      -1.000000      -2.000000      0.0000000E+00
  0.0000000E+00  0.0000000E+00  0.0000000E+00  0.0000000E+00  0.0000000E+00
  0.0000000E+00  0.0000000E+00   2.499931       4900.014       4900.014    
  0.0000000E+00   8.988052       499.9820       30.00333       499.9991    
   1000.000       1000.035      0.5392832      9.0009995E-02  3.7609846E-03
  2.2753958E-02  0.0000000E+00  0.0000000E+00  0.0000000E+00  0.0000000E+00
  0.0000000E+00  0.0000000E+00  0.0000000E+00  0.0000000E+00  0.0000000E+00
  0.0000000E+00  0.0000000E+00   264.5447      0.0000000E+00
