 199801010900
           1
  0.1917955      2.0956997E-04  0.0000000E+00  0.0000000E+00  0.0000000E+00
   273.1600       273.9358       276.8902       279.9129      0.2478890    
  0.2939091      0.2715178      0.3070427      0.2975236      0.2939091    
  0.2715178      0.3070427       265.4036       285.8112      3.4980301E-02
  3.5477628E-04  3.8753984E-05   265.5900       264.5355      1.7954105E-03
  0.0000000E+00           0  0.0000000E+00  0.0000000E+00  0.0000000E+00
 -0.1000000     -0.4000000      -1.000000      -2.000000      0.0000000E+00
  0.0000000E+00  0.0000000E+00  0.0000000E+00  0.0000000E+00  0.0000000E+00
  0.0000000E+00  0.0000000E+00   2.499931       4900.014       4900.014    
  0.0000000E+00   8.990482       499.9820       30.00333       499.9991    
   1000.000       1000.031      0.7192386      9.0009995E-02  7.5036092E-03
  4.5396842E-02  1.4750491E-03  0.0000000E+00  0.0000000E+00  0.0000000E+00
  0.0000000E+00  0.0000000E+00  0.0000000E+00  0.0000000E+00  0.0000000E+00
  0.0000000E+00  0.0000000E+00   264.5355      0.0000000E+00
