 199801010900
           1
  0.1917955      2.0956997E-04  0.0000000E+00  0.0000000E+00  0.0000000E+00
   273.1600       273.9522       276.8911       279.9124      0.2494017    
  0.2939123      0.2714766      0.3070732      0.2977955      0.2939123    
  0.2714766      0.3070732       265.4036       286.1123      3.4980301E-02
  3.5477613E-04  3.8754129E-05   265.5900       264.3322      1.7551620E-03
  0.0000000E+00           0  0.0000000E+00  0.0000000E+00  0.0000000E+00
 -0.1000000     -0.4000000      -1.000000      -2.000000      0.0000000E+00
  0.0000000E+00  0.0000000E+00  0.0000000E+00  0.0000000E+00  0.0000000E+00
  0.0000000E+00  0.0000000E+00   2.500097       4899.980       4899.980    
  0.0000000E+00   8.990482       499.9820       30.00333       499.9991    
   1000.000       1000.031      0.7192386      9.0009995E-02  7.4490802E-03
  4.5066938E-02  1.4750491E-03  0.0000000E+00  0.0000000E+00  0.0000000E+00
  0.0000000E+00  0.0000000E+00  0.0000000E+00  0.0000000E+00  0.0000000E+00
  0.0000000E+00  0.0000000E+00   264.3322      0.0000000E+00
