 199801010900
           1
  0.1917955      2.0956997E-04  0.0000000E+00  0.0000000E+00  0.0000000E+00
   273.1600       273.9184       276.8893       279.9108      0.2475248    
  0.2939648      0.2715220      0.3069869      0.2970708      0.2939648    
  0.2715220      0.3069869       264.5279       283.9005      3.4980301E-02
  3.5057031E-04  4.2959953E-05   264.7685       264.6682      1.8501178E-03
  0.0000000E+00           0  0.0000000E+00  0.0000000E+00  0.0000000E+00
 -0.1000000     -0.4000000      -1.000000      -2.000000      0.0000000E+00
  0.0000000E+00  0.0000000E+00  0.0000000E+00  0.0000000E+00  0.0000000E+00
  0.0000000E+00  0.0000000E+00   2.499525       4900.095       4900.095    
  0.0000000E+00   8.980135       499.9820       30.00333      0.0000000E+00
   1000.000       1000.045      0.7184108      9.0009995E-02  4.2569088E-03
  2.5754299E-02  1.4750491E-03  0.0000000E+00  0.0000000E+00  0.0000000E+00
  0.0000000E+00  0.0000000E+00  0.0000000E+00  0.0000000E+00  0.0000000E+00
  0.0000000E+00  0.0000000E+00   264.6682      0.0000000E+00
