 199801010900
           1
  0.1900000      2.0956997E-04  0.0000000E+00  0.0000000E+00  0.0000000E+00
   273.1600       273.9358       276.8902       279.9127      0.2478809    
  0.2939091      0.2715178      0.3070427      0.2975232      0.2939091    
  0.2715178      0.3070427       264.3242       283.4066      3.4980301E-02
  3.4958235E-04  4.3947930E-05   264.5755       264.5295      1.8307840E-03
  0.0000000E+00           0  0.0000000E+00  0.0000000E+00  0.0000000E+00
 -0.1000000     -0.4000000      -1.000000      -2.000000      0.0000000E+00
  0.0000000E+00  0.0000000E+00  0.0000000E+00  0.0000000E+00  0.0000000E+00
  0.0000000E+00  0.0000000E+00   2.499931       4900.014       4900.014    
  0.0000000E+00   8.989227       499.9820       30.00333       499.9991    
   1000.000       1000.033      0.5393536      9.0009995E-02  3.3936556E-03
  2.0531617E-02  0.0000000E+00  0.0000000E+00  0.0000000E+00  0.0000000E+00
  0.0000000E+00  0.0000000E+00  0.0000000E+00  0.0000000E+00  0.0000000E+00
  0.0000000E+00  0.0000000E+00   264.5295      0.0000000E+00
