 199801010900
           1
  0.1900000      2.0956997E-04  0.0000000E+00  0.0000000E+00  0.0000000E+00
   273.1600       273.9184       276.8893       279.9113      0.2475287    
  0.2939648      0.2715220      0.3069869      0.2970707      0.2939648    
  0.2715220      0.3069869       264.5651       283.9746      3.4980301E-02
  3.5075712E-04  4.2773147E-05   264.8050       264.6707      1.8489469E-03
  0.0000000E+00           0  0.0000000E+00  0.0000000E+00  0.0000000E+00
 -0.1000000     -0.4000000      -1.000000      -2.000000      0.0000000E+00
  0.0000000E+00  0.0000000E+00  0.0000000E+00  0.0000000E+00  0.0000000E+00
  0.0000000E+00  0.0000000E+00   2.499525       4900.095       4900.095    
  0.0000000E+00   8.979953       499.9820       30.00333      0.0000000E+00
   1000.000       1000.046      0.7183962      9.0009995E-02  4.2828065E-03
  2.5910981E-02  0.0000000E+00  0.0000000E+00  0.0000000E+00  0.0000000E+00
  0.0000000E+00  0.0000000E+00  0.0000000E+00  0.0000000E+00  0.0000000E+00
  0.0000000E+00  0.0000000E+00   264.6707      0.0000000E+00
