 199801010900
           1
  0.1917955      2.0956997E-04  0.0000000E+00  0.0000000E+00  0.0000000E+00
   273.1600       273.9185       276.8893       279.9123      0.2475768    
  0.2939648      0.2715220      0.3069869      0.2970706      0.2939648    
  0.2715220      0.3069869       265.0993       285.1270      3.4980301E-02
  3.5334265E-04  4.0187628E-05   265.3100       264.7010      1.8355078E-03
  0.0000000E+00           0  0.0000000E+00  0.0000000E+00  0.0000000E+00
 -0.1000000     -0.4000000      -1.000000      -2.000000      0.0000000E+00
  0.0000000E+00  0.0000000E+00  0.0000000E+00  0.0000000E+00  0.0000000E+00
  0.0000000E+00  0.0000000E+00   2.499525       4900.095       4900.095    
  0.0000000E+00   8.988862       499.9820       30.00333       499.9991    
   1000.000       1000.033      0.4494431      9.0009995E-02  5.7921326E-03
  3.5042401E-02  1.4750491E-03  0.0000000E+00  0.0000000E+00  0.0000000E+00
  0.0000000E+00  0.0000000E+00  0.0000000E+00  0.0000000E+00  0.0000000E+00
  0.0000000E+00  0.0000000E+00   264.7010      0.0000000E+00
