 199801010900
           1
  0.1917955      2.0956997E-04  0.0000000E+00  0.0000000E+00  0.0000000E+00
   273.1600       273.9358       276.8902       279.9120      0.2478941    
  0.2939091      0.2715178      0.3070427      0.2975235      0.2939091    
  0.2715178      0.3070427       265.3307       285.6679      3.4980301E-02
  3.5443087E-04  3.9099385E-05   265.5226       264.5392      1.7981209E-03
  0.0000000E+00           0  0.0000000E+00  0.0000000E+00  0.0000000E+00
 -0.1000000     -0.4000000      -1.000000      -2.000000      0.0000000E+00
  0.0000000E+00  0.0000000E+00  0.0000000E+00  0.0000000E+00  0.0000000E+00
  0.0000000E+00  0.0000000E+00   2.499931       4900.014       4900.014    
  0.0000000E+00   8.994573       499.9820       30.00333       499.9991    
   1000.000       1000.025      0.7195658      9.0009995E-02  6.5544550E-03
  3.9654452E-02  1.4750491E-03  0.0000000E+00  0.0000000E+00  0.0000000E+00
  0.0000000E+00  0.0000000E+00  0.0000000E+00  0.0000000E+00  0.0000000E+00
  0.0000000E+00  0.0000000E+00   264.5392      0.0000000E+00
