 199801010900
           1
  0.1900000      2.0956997E-04  0.0000000E+00  0.0000000E+00  0.0000000E+00
   273.1600       273.9359       276.8902       279.9098      0.2479408    
  0.2939091      0.2715178      0.3070427      0.2975219      0.2939091    
  0.2715178      0.3070427       265.0993       285.3227      3.4980301E-02
  3.5334265E-04  4.0187628E-05   265.3100       264.5734      1.8104821E-03
  0.0000000E+00           0  0.0000000E+00  0.0000000E+00  0.0000000E+00
 -0.1000000     -0.4000000      -1.000000      -2.000000      0.0000000E+00
  0.0000000E+00  0.0000000E+00  0.0000000E+00  0.0000000E+00  0.0000000E+00
  0.0000000E+00  0.0000000E+00   2.499931       4900.014       4900.014    
  0.0000000E+00   8.988862       499.9820       30.00333       499.9991    
   1000.000       1000.033      0.4494431      9.0009995E-02  5.7640653E-03
  3.4872595E-02  0.0000000E+00  0.0000000E+00  0.0000000E+00  0.0000000E+00
  0.0000000E+00  0.0000000E+00  0.0000000E+00  0.0000000E+00  0.0000000E+00
  0.0000000E+00  0.0000000E+00   264.5734      0.0000000E+00
