 199801010900
           1
  0.1900000      2.0956997E-04  0.0000000E+00  0.0000000E+00  0.0000000E+00
   273.1600       273.9442       276.8907       279.9130      0.2493914    
  0.2940088      0.2713347      0.3070920      0.2981045      0.2940088    
  0.2713347      0.3070920       265.4036       286.0884      3.4980301E-02
  3.5477613E-04  3.8754129E-05   265.5900       264.4343      1.7748188E-03
  0.0000000E+00           0  0.0000000E+00  0.0000000E+00  0.0000000E+00
 -0.1000000     -0.4000000      -1.000000      -2.000000      0.0000000E+00
  0.0000000E+00  0.0000000E+00  0.0000000E+00  0.0000000E+00  0.0000000E+00
  0.0000000E+00  0.0000000E+00   2.500067       4899.987       4899.987    
  0.0000000E+00   8.990482       499.9820       30.00333       499.9991    
   1000.000       1000.031      0.7192386      9.0009995E-02  7.4754041E-03
  4.5226198E-02  0.0000000E+00  0.0000000E+00  0.0000000E+00  0.0000000E+00
  0.0000000E+00  0.0000000E+00  0.0000000E+00  0.0000000E+00  0.0000000E+00
  0.0000000E+00  0.0000000E+00   264.4343      0.0000000E+00
