 199801010900
           1
  0.1900000      2.0956997E-04  0.0000000E+00  0.0000000E+00  0.0000000E+00
   273.1600       273.9101       276.8888       279.9139      0.2467410    
  0.2939552      0.2714950      0.3070107      0.2973789      0.2939552    
  0.2714950      0.3070107       264.5649       282.8803      3.4980301E-02
  3.5075712E-04  4.2773147E-05   264.8050       264.7224      1.8596980E-03
  0.0000000E+00           0  0.0000000E+00  0.0000000E+00  0.0000000E+00
 -0.1000000     -0.4000000      -1.000000      -2.000000      0.0000000E+00
  0.0000000E+00  0.0000000E+00  0.0000000E+00  0.0000000E+00  0.0000000E+00
  0.0000000E+00  0.0000000E+00   2.499706       4900.059       4900.059    
  0.0000000E+00   8.979953       499.9820       30.00333      0.0000000E+00
   1000.000       1000.046      0.7183962      9.0009995E-02  4.2905943E-03
  2.5958097E-02  0.0000000E+00  0.0000000E+00  0.0000000E+00  0.0000000E+00
  0.0000000E+00  0.0000000E+00  0.0000000E+00  0.0000000E+00  0.0000000E+00
  0.0000000E+00  0.0000000E+00   264.7224      0.0000000E+00
