 199801010900
           1
  0.1917955      2.0956997E-04  0.0000000E+00  0.0000000E+00  0.0000000E+00
   273.1600       273.9593       276.8915       279.9125      0.2490951    
  0.2939971      0.2713489      0.3070916      0.2980795      0.2939971    
  0.2713489      0.3070916       265.3307       286.0369      3.4980301E-02
  3.5443087E-04  3.9099385E-05   265.5226       264.2650      1.7445151E-03
  0.0000000E+00           0  0.0000000E+00  0.0000000E+00  0.0000000E+00
 -0.1000000     -0.4000000      -1.000000      -2.000000      0.0000000E+00
  0.0000000E+00  0.0000000E+00  0.0000000E+00  0.0000000E+00  0.0000000E+00
  0.0000000E+00  0.0000000E+00   2.500076       4899.985       4899.985    
  0.0000000E+00   8.994573       499.9820       30.00333       499.9991    
   1000.000       1000.025      0.7195658      9.0009995E-02  6.4844000E-03
  3.9230622E-02  1.4750491E-03  0.0000000E+00  0.0000000E+00  0.0000000E+00
  0.0000000E+00  0.0000000E+00  0.0000000E+00  0.0000000E+00  0.0000000E+00
  0.0000000E+00  0.0000000E+00   264.2650      0.0000000E+00
