 199801010900
           1
  0.1917955      2.0956997E-04  0.0000000E+00  0.0000000E+00  0.0000000E+00
   273.1600       273.9443       276.8907       279.9135      0.2494618    
  0.2940088      0.2713347      0.3070920      0.2981037      0.2940088    
  0.2713347      0.3070920       264.4725       285.0519      3.5005189E-02
  3.5028884E-04  4.3241434E-05   264.7137       264.4919      1.8180809E-03
  0.0000000E+00           0  0.0000000E+00  0.0000000E+00  0.0000000E+00
 -0.1000000     -0.4000000      -1.000000      -2.000000      0.0000000E+00
  0.0000000E+00  0.0000000E+00  0.0000000E+00  0.0000000E+00  0.0000000E+00
  0.0000000E+00  0.0000000E+00   2.500067       4899.987       4899.987    
  0.0000000E+00   8.991657       499.9814       30.00333      0.0000000E+00
   1000.000       1000.030      0.5394994      9.0009995E-02  4.1013295E-03
  2.4813045E-02  1.4750491E-03  0.0000000E+00  0.0000000E+00  0.0000000E+00
  0.0000000E+00  0.0000000E+00  0.0000000E+00  0.0000000E+00  0.0000000E+00
  0.0000000E+00  0.0000000E+00   264.4919      0.0000000E+00
