 199801010900
           1
  0.1917955      2.0956997E-04  0.0000000E+00  0.0000000E+00  0.0000000E+00
   273.1600       273.9522       276.8911       279.9132      0.2494012    
  0.2939123      0.2714766      0.3070732      0.2977955      0.2939123    
  0.2714766      0.3070732       265.4016       286.1090      3.4980301E-02
  3.5476650E-04  3.8763781E-05   265.5881       264.3317      1.7551620E-03
  0.0000000E+00           0  0.0000000E+00  0.0000000E+00  0.0000000E+00
 -0.1000000     -0.4000000      -1.000000      -2.000000      0.0000000E+00
  0.0000000E+00  0.0000000E+00  0.0000000E+00  0.0000000E+00  0.0000000E+00
  0.0000000E+00  0.0000000E+00   2.500097       4899.980       4899.980    
  0.0000000E+00   8.990442       499.9818       30.00333       499.9991    
   1000.000       1000.031      0.7192354      9.0009995E-02  7.3987604E-03
  4.4762507E-02  1.4750491E-03  0.0000000E+00  0.0000000E+00  0.0000000E+00
  0.0000000E+00  0.0000000E+00  0.0000000E+00  0.0000000E+00  0.0000000E+00
  0.0000000E+00  0.0000000E+00   264.3317      0.0000000E+00
