 199801010900
           1
  0.1917955      2.0956997E-04  0.0000000E+00  0.0000000E+00  0.0000000E+00
   273.1600       273.8931       276.8878       279.9093      0.2436237    
  0.2941239      0.2718458      0.3065776      0.2932913      0.2941239    
  0.2718458      0.3065776       264.5278       283.1514      3.4980301E-02
  3.5057002E-04  4.2960251E-05   264.7684       264.7981      1.8754035E-03
  0.0000000E+00           0  0.0000000E+00  0.0000000E+00  0.0000000E+00
 -0.1000000     -0.4000000      -1.000000      -2.000000      0.0000000E+00
  0.0000000E+00  0.0000000E+00  0.0000000E+00  0.0000000E+00  0.0000000E+00
  0.0000000E+00  0.0000000E+00   2.496803       4900.640       4900.640    
  0.0000000E+00   8.980135       499.9820       30.00333      0.0000000E+00
   1000.000       1000.045      0.7184108      9.0009995E-02  4.2745033E-03
  2.5860747E-02  1.4750491E-03  0.0000000E+00  0.0000000E+00  0.0000000E+00
  0.0000000E+00  0.0000000E+00  0.0000000E+00  0.0000000E+00  0.0000000E+00
  0.0000000E+00  0.0000000E+00   264.7981      0.0000000E+00
