 199801010900
           1
  0.1900000      2.0956997E-04  0.0000000E+00  0.0000000E+00  0.0000000E+00
   273.1600       273.9103       276.8888       279.9124      0.2467990    
  0.2939552      0.2714950      0.3070107      0.2973832      0.2939552    
  0.2714950      0.3070107       265.3307       285.1813      3.4980301E-02
  3.5443119E-04  3.9099086E-05   265.5226       264.7558      1.8412799E-03
  0.0000000E+00           0  0.0000000E+00  0.0000000E+00  0.0000000E+00
 -0.1000000     -0.4000000      -1.000000      -2.000000      0.0000000E+00
  0.0000000E+00  0.0000000E+00  0.0000000E+00  0.0000000E+00  0.0000000E+00
  0.0000000E+00  0.0000000E+00   2.499706       4900.059       4900.059    
  0.0000000E+00   8.994573       499.9820       30.00333       499.9991    
   1000.000       1000.025      0.7195658      9.0009995E-02  6.6143367E-03
  4.0016737E-02  0.0000000E+00  0.0000000E+00  0.0000000E+00  0.0000000E+00
  0.0000000E+00  0.0000000E+00  0.0000000E+00  0.0000000E+00  0.0000000E+00
  0.0000000E+00  0.0000000E+00   264.7558      0.0000000E+00
