 199801010900
           1
  0.1917955      2.0956997E-04  0.0000000E+00  0.0000000E+00  0.0000000E+00
   273.1600       273.9443       276.8907       279.9119      0.2494654    
  0.2940088      0.2713347      0.3070920      0.2981037      0.2940088    
  0.2713347      0.3070920       264.5279       285.1479      3.4980301E-02
  3.5056987E-04  4.2960401E-05   264.7684       264.4948      1.8161968E-03
  0.0000000E+00           0  0.0000000E+00  0.0000000E+00  0.0000000E+00
 -0.1000000     -0.4000000      -1.000000      -2.000000      0.0000000E+00
  0.0000000E+00  0.0000000E+00  0.0000000E+00  0.0000000E+00  0.0000000E+00
  0.0000000E+00  0.0000000E+00   2.500067       4899.987       4899.987    
  0.0000000E+00   8.980135       499.9820       30.00333      0.0000000E+00
   1000.000       1000.045      0.7184108      9.0009995E-02  4.2333482E-03
  2.5611758E-02  1.4750491E-03  0.0000000E+00  0.0000000E+00  0.0000000E+00
  0.0000000E+00  0.0000000E+00  0.0000000E+00  0.0000000E+00  0.0000000E+00
  0.0000000E+00  0.0000000E+00   264.4948      0.0000000E+00
