 199801010900
           1
  0.1917955      2.0956997E-04  0.0000000E+00  0.0000000E+00  0.0000000E+00
   273.1600       273.9512       276.8911       279.9145      0.2495461    
  0.2940223      0.2713154      0.3070946      0.2981494      0.2940223    
  0.2713154      0.3070946       264.5651       285.4440      3.4980301E-02
  3.5075773E-04  4.2772543E-05   264.8051       264.4413      1.8041000E-03
  0.0000000E+00           0  0.0000000E+00  0.0000000E+00  0.0000000E+00
 -0.1000000     -0.4000000      -1.000000      -2.000000      0.0000000E+00
  0.0000000E+00  0.0000000E+00  0.0000000E+00  0.0000000E+00  0.0000000E+00
  0.0000000E+00  0.0000000E+00   2.500065       4899.987       4899.987    
  0.0000000E+00   8.979953       499.9820       30.00333      0.0000000E+00
   1000.000       1000.046      0.7183962      9.0009995E-02  4.2503136E-03
  2.5714401E-02  1.4750491E-03  0.0000000E+00  0.0000000E+00  0.0000000E+00
  0.0000000E+00  0.0000000E+00  0.0000000E+00  0.0000000E+00  0.0000000E+00
  0.0000000E+00  0.0000000E+00   264.4413      0.0000000E+00
