 199801010900
           1
  0.1917955      2.0956997E-04  0.0000000E+00  0.0000000E+00  0.0000000E+00
   273.1600       273.9183       276.8893       279.9138      0.2474971    
  0.2939648      0.2715220      0.3069869      0.2970715      0.2939648    
  0.2715220      0.3069869       264.4084       283.4060      3.4980301E-02
  3.4998654E-04  4.3543721E-05   264.6544       264.6508      1.8511105E-03
  0.0000000E+00           0  0.0000000E+00  0.0000000E+00  0.0000000E+00
 -0.1000000     -0.4000000      -1.000000      -2.000000      0.0000000E+00
  0.0000000E+00  0.0000000E+00  0.0000000E+00  0.0000000E+00  0.0000000E+00
  0.0000000E+00  0.0000000E+00   2.499525       4900.095       4900.095    
  0.0000000E+00   8.988052       499.9820       30.00333       499.9991    
   1000.000       1000.035      0.5392832      9.0009995E-02  3.7746020E-03
  2.2836346E-02  1.4750491E-03  0.0000000E+00  0.0000000E+00  0.0000000E+00
  0.0000000E+00  0.0000000E+00  0.0000000E+00  0.0000000E+00  0.0000000E+00
  0.0000000E+00  0.0000000E+00   264.6508      0.0000000E+00
