 199801010900
           1
  0.1900000      2.0956997E-04  0.0000000E+00  0.0000000E+00  0.0000000E+00
   273.1600       273.9183       276.8893       279.9146      0.2474751    
  0.2939648      0.2715220      0.3069869      0.2970721      0.2939648    
  0.2715220      0.3069869       264.3242       282.9502      3.4980301E-02
  3.4958235E-04  4.3947930E-05   264.5755       264.6369      1.8511105E-03
  0.0000000E+00           0  0.0000000E+00  0.0000000E+00  0.0000000E+00
 -0.1000000     -0.4000000      -1.000000      -2.000000      0.0000000E+00
  0.0000000E+00  0.0000000E+00  0.0000000E+00  0.0000000E+00  0.0000000E+00
  0.0000000E+00  0.0000000E+00   2.499525       4900.095       4900.095    
  0.0000000E+00   8.989227       499.9820       30.00333       499.9991    
   1000.000       1000.033      0.5393536      9.0009995E-02  3.4072814E-03
  2.0614052E-02  0.0000000E+00  0.0000000E+00  0.0000000E+00  0.0000000E+00
  0.0000000E+00  0.0000000E+00  0.0000000E+00  0.0000000E+00  0.0000000E+00
  0.0000000E+00  0.0000000E+00   264.6369      0.0000000E+00
