 199801010900
           1
  0.1900000      2.0956997E-04  0.0000000E+00  0.0000000E+00  0.0000000E+00
   273.1600       273.9101       276.8888       279.9145      0.2467245    
  0.2939552      0.2714950      0.3070107      0.2973791      0.2939552    
  0.2714950      0.3070107       264.4726       282.5436      3.5005189E-02
  3.5028899E-04  4.3241285E-05   264.7137       264.7130      1.8617079E-03
  0.0000000E+00           0  0.0000000E+00  0.0000000E+00  0.0000000E+00
 -0.1000000     -0.4000000      -1.000000      -2.000000      0.0000000E+00
  0.0000000E+00  0.0000000E+00  0.0000000E+00  0.0000000E+00  0.0000000E+00
  0.0000000E+00  0.0000000E+00   2.499706       4900.059       4900.059    
  0.0000000E+00   8.991657       499.9814       30.00333      0.0000000E+00
   1000.000       1000.030      0.5394994      9.0009995E-02  4.1302335E-03
  2.4987914E-02  0.0000000E+00  0.0000000E+00  0.0000000E+00  0.0000000E+00
  0.0000000E+00  0.0000000E+00  0.0000000E+00  0.0000000E+00  0.0000000E+00
  0.0000000E+00  0.0000000E+00   264.7130      0.0000000E+00
