 199801010900
           1
  0.1900000      2.0956997E-04  0.0000000E+00  0.0000000E+00  0.0000000E+00
   273.1600       273.9099       276.8888       279.9145      0.2466829    
  0.2939551      0.2714950      0.3070107      0.2973807      0.2939551    
  0.2714950      0.3070107       264.3242       281.6250      3.4980301E-02
  3.4958217E-04  4.3948083E-05   264.5754       264.6890      1.8614936E-03
  0.0000000E+00           0  0.0000000E+00  0.0000000E+00  0.0000000E+00
 -0.1000000     -0.4000000      -1.000000      -2.000000      0.0000000E+00
  0.0000000E+00  0.0000000E+00  0.0000000E+00  0.0000000E+00  0.0000000E+00
  0.0000000E+00  0.0000000E+00   2.499706       4900.059       4900.059    
  0.0000000E+00   8.989227       499.9820       30.00333       499.9991    
   1000.000       1000.033      0.5393536      9.0009995E-02  3.4142151E-03
  2.0656001E-02  0.0000000E+00  0.0000000E+00  0.0000000E+00  0.0000000E+00
  0.0000000E+00  0.0000000E+00  0.0000000E+00  0.0000000E+00  0.0000000E+00
  0.0000000E+00  0.0000000E+00   264.6890      0.0000000E+00
