 199801010900
           1
  0.1900000      2.0956997E-04  0.0000000E+00  0.0000000E+00  0.0000000E+00
   273.1600       273.9100       276.8888       279.9145      0.2467052    
  0.2939551      0.2714950      0.3070107      0.2973799      0.2939551    
  0.2714950      0.3070107       264.4083       282.1535      3.4980301E-02
  3.4998608E-04  4.3544176E-05   264.6544       264.7020      1.8614936E-03
  0.0000000E+00           0  0.0000000E+00  0.0000000E+00  0.0000000E+00
 -0.1000000     -0.4000000      -1.000000      -2.000000      0.0000000E+00
  0.0000000E+00  0.0000000E+00  0.0000000E+00  0.0000000E+00  0.0000000E+00
  0.0000000E+00  0.0000000E+00   2.499706       4900.059       4900.059    
  0.0000000E+00   8.988052       499.9820       30.00333       499.9991    
   1000.000       1000.035      0.5392832      9.0009995E-02  3.7815417E-03
  2.2878328E-02  0.0000000E+00  0.0000000E+00  0.0000000E+00  0.0000000E+00
  0.0000000E+00  0.0000000E+00  0.0000000E+00  0.0000000E+00  0.0000000E+00
  0.0000000E+00  0.0000000E+00   264.7020      0.0000000E+00
