 199801010900
           1
  0.1917955      2.0956997E-04  0.0000000E+00  0.0000000E+00  0.0000000E+00
   273.1600       273.9184       276.8893       279.9106      0.2475160    
  0.2939648      0.2715220      0.3069869      0.2970710      0.2939648    
  0.2715220      0.3069869       264.4727       283.7334      3.5005189E-02
  3.5028943E-04  4.3240831E-05   264.7138       264.6628      1.8513688E-03
  0.0000000E+00           0  0.0000000E+00  0.0000000E+00  0.0000000E+00
 -0.1000000     -0.4000000      -1.000000      -2.000000      0.0000000E+00
  0.0000000E+00  0.0000000E+00  0.0000000E+00  0.0000000E+00  0.0000000E+00
  0.0000000E+00  0.0000000E+00   2.499525       4900.095       4900.095    
  0.0000000E+00   8.991657       499.9814       30.00333      0.0000000E+00
   1000.000       1000.030      0.5394994      9.0009995E-02  4.1233995E-03
  2.4946569E-02  1.4750491E-03  0.0000000E+00  0.0000000E+00  0.0000000E+00
  0.0000000E+00  0.0000000E+00  0.0000000E+00  0.0000000E+00  0.0000000E+00
  0.0000000E+00  0.0000000E+00   264.6628      0.0000000E+00
