 199801010900
           1
  0.1917955      2.0956997E-04  0.0000000E+00  0.0000000E+00  0.0000000E+00
   273.1600       273.9359       276.8902       279.9128      0.2479197    
  0.2939091      0.2715178      0.3070427      0.2975223      0.2939091    
  0.2715178      0.3070427       264.4726       284.1237      3.5005189E-02
  3.5028913E-04  4.3241136E-05   264.7138       264.5580      1.8311086E-03
  0.0000000E+00           0  0.0000000E+00  0.0000000E+00  0.0000000E+00
 -0.1000000     -0.4000000      -1.000000      -2.000000      0.0000000E+00
  0.0000000E+00  0.0000000E+00  0.0000000E+00  0.0000000E+00  0.0000000E+00
  0.0000000E+00  0.0000000E+00   2.499931       4900.014       4900.014    
  0.0000000E+00   8.991657       499.9814       30.00333      0.0000000E+00
   1000.000       1000.030      0.5394994      9.0009995E-02  4.1099465E-03
  2.4865178E-02  1.4750491E-03  0.0000000E+00  0.0000000E+00  0.0000000E+00
  0.0000000E+00  0.0000000E+00  0.0000000E+00  0.0000000E+00  0.0000000E+00
  0.0000000E+00  0.0000000E+00   264.5580      0.0000000E+00
