 199801010900
           1
  0.1917955      2.0956997E-04  0.0000000E+00  0.0000000E+00  0.0000000E+00
   273.1600       273.9442       276.8907       279.9120      0.2493992    
  0.2940088      0.2713347      0.3070920      0.2981045      0.2940088    
  0.2713347      0.3070920       265.3307       285.9942      3.4980301E-02
  3.5443087E-04  3.9099385E-05   265.5226       264.4408      1.7781702E-03
  0.0000000E+00           0  0.0000000E+00  0.0000000E+00  0.0000000E+00
 -0.1000000     -0.4000000      -1.000000      -2.000000      0.0000000E+00
  0.0000000E+00  0.0000000E+00  0.0000000E+00  0.0000000E+00  0.0000000E+00
  0.0000000E+00  0.0000000E+00   2.500067       4899.987       4899.987    
  0.0000000E+00   8.994573       499.9820       30.00333       499.9991    
   1000.000       1000.025      0.7195658      9.0009995E-02  6.5279095E-03
  3.9493855E-02  1.4750491E-03  0.0000000E+00  0.0000000E+00  0.0000000E+00
  0.0000000E+00  0.0000000E+00  0.0000000E+00  0.0000000E+00  0.0000000E+00
  0.0000000E+00  0.0000000E+00   264.4408      0.0000000E+00
