 199801010900
           1
  0.1917955      2.0956997E-04  0.0000000E+00  0.0000000E+00  0.0000000E+00
   273.1600       273.9185       276.8893       279.9115      0.2475505    
  0.2939648      0.2715220      0.3069869      0.2970726      0.2939648    
  0.2715220      0.3069869       265.3307       285.5403      3.4980301E-02
  3.5443087E-04  3.9099385E-05   265.5226       264.6845      1.8263657E-03
  0.0000000E+00           0  0.0000000E+00  0.0000000E+00  0.0000000E+00
 -0.1000000     -0.4000000      -1.000000      -2.000000      0.0000000E+00
  0.0000000E+00  0.0000000E+00  0.0000000E+00  0.0000000E+00  0.0000000E+00
  0.0000000E+00  0.0000000E+00   2.499525       4900.095       4900.095    
  0.0000000E+00   8.994573       499.9820       30.00333       499.9991    
   1000.000       1000.025      0.7195658      9.0009995E-02  6.5933904E-03
  3.9890010E-02  1.4750491E-03  0.0000000E+00  0.0000000E+00  0.0000000E+00
  0.0000000E+00  0.0000000E+00  0.0000000E+00  0.0000000E+00  0.0000000E+00
  0.0000000E+00  0.0000000E+00   264.6845      0.0000000E+00
