 199801010900
           1
  0.1917955      2.0956997E-04  0.0000000E+00  0.0000000E+00  0.0000000E+00
   273.1600       273.9358       276.8902       279.9117      0.2478885    
  0.2939091      0.2715178      0.3070427      0.2975236      0.2939091    
  0.2715178      0.3070427       265.4015       285.8065      3.4980301E-02
  3.5476603E-04  3.8764232E-05   265.5880       264.5350      1.7954105E-03
  0.0000000E+00           0  0.0000000E+00  0.0000000E+00  0.0000000E+00
 -0.1000000     -0.4000000      -1.000000      -2.000000      0.0000000E+00
  0.0000000E+00  0.0000000E+00  0.0000000E+00  0.0000000E+00  0.0000000E+00
  0.0000000E+00  0.0000000E+00   2.499931       4900.014       4900.014    
  0.0000000E+00   8.990442       499.9818       30.00333       499.9991    
   1000.000       1000.031      0.7192354      9.0009995E-02  7.4532614E-03
  4.5092236E-02  1.4750491E-03  0.0000000E+00  0.0000000E+00  0.0000000E+00
  0.0000000E+00  0.0000000E+00  0.0000000E+00  0.0000000E+00  0.0000000E+00
  0.0000000E+00  0.0000000E+00   264.5350      0.0000000E+00
