 199801010900
           1
  0.1917955      2.0956997E-04  0.0000000E+00  0.0000000E+00  0.0000000E+00
   273.1600       273.9359       276.8902       279.9111      0.2479251    
  0.2939091      0.2715178      0.3070427      0.2975221      0.2939091    
  0.2715178      0.3070427       264.5279       284.2705      3.4980301E-02
  3.5057031E-04  4.2959953E-05   264.7685       264.5620      1.8295213E-03
  0.0000000E+00           0  0.0000000E+00  0.0000000E+00  0.0000000E+00
 -0.1000000     -0.4000000      -1.000000      -2.000000      0.0000000E+00
  0.0000000E+00  0.0000000E+00  0.0000000E+00  0.0000000E+00  0.0000000E+00
  0.0000000E+00  0.0000000E+00   2.499931       4900.014       4900.014    
  0.0000000E+00   8.980135       499.9820       30.00333      0.0000000E+00
   1000.000       1000.045      0.7184108      9.0009995E-02  4.2425808E-03
  2.5667615E-02  1.4750491E-03  0.0000000E+00  0.0000000E+00  0.0000000E+00
  0.0000000E+00  0.0000000E+00  0.0000000E+00  0.0000000E+00  0.0000000E+00
  0.0000000E+00  0.0000000E+00   264.5620      0.0000000E+00
