 199801010900
           1
  0.1917955      2.0956997E-04  0.0000000E+00  0.0000000E+00  0.0000000E+00
   273.1600       273.9524       276.8911       279.9117      0.2495079    
  0.2939124      0.2714766      0.3070732      0.2977945      0.2939124    
  0.2714766      0.3070732       264.5279       285.2193      3.4980301E-02
  3.5056987E-04  4.2960401E-05   264.7684       264.4274      1.8031597E-03
  0.0000000E+00           0  0.0000000E+00  0.0000000E+00  0.0000000E+00
 -0.1000000     -0.4000000      -1.000000      -2.000000      0.0000000E+00
  0.0000000E+00  0.0000000E+00  0.0000000E+00  0.0000000E+00  0.0000000E+00
  0.0000000E+00  0.0000000E+00   2.500097       4899.980       4899.980    
  0.0000000E+00   8.980135       499.9820       30.00333      0.0000000E+00
   1000.000       1000.045      0.7184108      9.0009995E-02  4.2242878E-03
  2.5556944E-02  1.4750491E-03  0.0000000E+00  0.0000000E+00  0.0000000E+00
  0.0000000E+00  0.0000000E+00  0.0000000E+00  0.0000000E+00  0.0000000E+00
  0.0000000E+00  0.0000000E+00   264.4274      0.0000000E+00
