 199801010900
           1
  0.1917955      2.0956997E-04  0.0000000E+00  0.0000000E+00  0.0000000E+00
   273.1600       273.9443       276.8907       279.9145      0.2494648    
  0.2940088      0.2713347      0.3070920      0.2981037      0.2940088    
  0.2713347      0.3070920       264.5650       285.1853      3.4980301E-02
  3.5075756E-04  4.2772699E-05   264.8051       264.4943      1.8144167E-03
  0.0000000E+00           0  0.0000000E+00  0.0000000E+00  0.0000000E+00
 -0.1000000     -0.4000000      -1.000000      -2.000000      0.0000000E+00
  0.0000000E+00  0.0000000E+00  0.0000000E+00  0.0000000E+00  0.0000000E+00
  0.0000000E+00  0.0000000E+00   2.500067       4899.987       4899.987    
  0.0000000E+00   8.979953       499.9820       30.00333      0.0000000E+00
   1000.000       1000.046      0.7183962      9.0009995E-02  4.2577754E-03
  2.5759542E-02  1.4750491E-03  0.0000000E+00  0.0000000E+00  0.0000000E+00
  0.0000000E+00  0.0000000E+00  0.0000000E+00  0.0000000E+00  0.0000000E+00
  0.0000000E+00  0.0000000E+00   264.4943      0.0000000E+00
