 199801010900
           1
  0.1900000      2.0956997E-04  0.0000000E+00  0.0000000E+00  0.0000000E+00
   273.1600       273.9359       276.8902       279.9126      0.2479262    
  0.2939091      0.2715178      0.3070427      0.2975221      0.2939091    
  0.2715178      0.3070427       264.5651       284.3332      3.4980301E-02
  3.5075712E-04  4.2773147E-05   264.8050       264.5627      1.8280240E-03
  0.0000000E+00           0  0.0000000E+00  0.0000000E+00  0.0000000E+00
 -0.1000000     -0.4000000      -1.000000      -2.000000      0.0000000E+00
  0.0000000E+00  0.0000000E+00  0.0000000E+00  0.0000000E+00  0.0000000E+00
  0.0000000E+00  0.0000000E+00   2.499931       4900.014       4900.014    
  0.0000000E+00   8.979953       499.9820       30.00333      0.0000000E+00
   1000.000       1000.046      0.7183962      9.0009995E-02  4.2676087E-03
  2.5819033E-02  0.0000000E+00  0.0000000E+00  0.0000000E+00  0.0000000E+00
  0.0000000E+00  0.0000000E+00  0.0000000E+00  0.0000000E+00  0.0000000E+00
  0.0000000E+00  0.0000000E+00   264.5627      0.0000000E+00
