 199801010900
           1
  0.1900000      2.0956997E-04  0.0000000E+00  0.0000000E+00  0.0000000E+00
   273.1600       273.9511       276.8911       279.9132      0.2495095    
  0.2940223      0.2713154      0.3070946      0.2981500      0.2940223    
  0.2713154      0.3070946       264.3242       284.8965      3.4980301E-02
  3.4958249E-04  4.3947781E-05   264.5755       264.4091      1.8077404E-03
  0.0000000E+00           0  0.0000000E+00  0.0000000E+00  0.0000000E+00
 -0.1000000     -0.4000000      -1.000000      -2.000000      0.0000000E+00
  0.0000000E+00  0.0000000E+00  0.0000000E+00  0.0000000E+00  0.0000000E+00
  0.0000000E+00  0.0000000E+00   2.500065       4899.987       4899.987    
  0.0000000E+00   8.989227       499.9820       30.00333       499.9991    
   1000.000       1000.033      0.5393536      9.0009995E-02  3.3782539E-03
  2.0438436E-02  0.0000000E+00  0.0000000E+00  0.0000000E+00  0.0000000E+00
  0.0000000E+00  0.0000000E+00  0.0000000E+00  0.0000000E+00  0.0000000E+00
  0.0000000E+00  0.0000000E+00   264.4091      0.0000000E+00
