  0.1000000    
  3.9999999E-02
   1.400000    
  0.1000000    
  0.4500000    
  0.1600000    
  0.3900000    
  5.0000001E-02
  0.2500000    
  1.0000000E-03
  1.0000000E-03
  0.2500000    
  0.1800000    
   1.000000    
   30.00000    
   2.100000    
   30000.00    
   1.200000    
   2.400000    
  0.8000000    
  0.1000000    
   268.0000    
   268.0000    
   2000.000    
   9.000000    
  0.8000000    
  2.9999999E-02
   2.000000    
   1.500000    
   1.000000    
   30.00000    
  0.3000000    
  2.2299999E-02
          15
   2000000.    
  8.0500004E-06
 -0.5690000    
  0.1410000    
  0.6000000    
  0.02
  -8.000000    
  0.1000000    
  0.1500000    
  2.0000000E-06
   3.000000    
  0.6000000    
   298.0000    
   30.00000    
   5000.000    
   125.0000    
   51.93000    
           4
